77.423
77.423
77.315
77.315
77.279
77.315
77.380
77.344
77.344
77.380
77.344
77.380
77.416
77.423
77.423
77.423
77.423
77.163
77.098
77.105
77.083
77.040
76.787
76.758
76.787
76.787
76.787
76.787
76.758
76.787
76.722
76.693
76.555
76.476
76.309
76.331
76.512
76.548
76.519
76.483
76.027
75.991
75.962
75.991
76.027
76.085
76.136
76.136
75.875
75.456
75.405
75.362
75.275
75.297
75.268
75.297
75.268
75.217
75.260
75.260
75.188
75.217
75.253
75.470
75.159
75.123
75.051
75.051
75.051
74.848
74.812
74.790
74.732
74.718
74.674
74.631
74.609
74.602
74.631
74.631
74.320
74.284
74.320
74.320
74.414
74.429
74.631
74.899
77.691
78.393
82.111
83.464
91.406
93.258
97.208
100.846
91.739
91.204
86.654
85.974